-1.545999145999999946e+01 -6.115200806000000000e+01 4.901800156000000186e+01
-1.546600341999999983e+01 -6.096899413999999950e+01 4.904000091999999711e+01
-1.544699096999999988e+01 -6.140499877999999967e+01 4.897100067000000223e+01
-1.966299438000000066e+01 -5.910699463000000264e+01 5.005200194999999752e+01
-1.995599364999999992e+01 -5.926199341000000231e+01 4.832999801999999789e+01
-1.996200561999999934e+01 -5.958801270000000017e+01 4.827199936000000235e+01
-1.754998778999999942e+01 -5.935800171000000347e+01 5.076800156000000186e+01
-1.781399535999999983e+01 -5.938900756999999686e+01 5.082199860000000058e+01
-1.737799071999999967e+01 -5.935101318000000248e+01 5.078000259000000227e+01
-1.807998656999999909e+01 -5.936700438999999818e+01 5.079700088999999963e+01
-1.490701293999999955e+01 -6.130999755999999934e+01 4.892600250000000273e+01
-1.482901000999999930e+01 -6.102099608999999703e+01 4.885199738000000025e+01
-1.493600464000000017e+01 -6.156799316000000033e+01 4.891099930000000029e+01
-1.465899658000000017e+01 -6.067098999000000248e+01 4.900699997000000252e+01
-1.513299561000000004e+01 -6.164801024999999868e+01 4.892399979000000343e+01
-1.537399291999999917e+01 -6.166101074000000182e+01 4.893600081999999674e+01
-1.670901488999999884e+01 -6.232501220999999703e+01 4.854000091999999711e+01
-1.639999389999999835e+01 -6.234399413999999950e+01 4.845299911000000037e+01
-1.641500853999999876e+01 -6.209201050000000066e+01 4.879899979000000343e+01
-1.706698607999999950e+01 -6.278900146000000149e+01 4.864900208000000248e+01
-1.673699951000000041e+01 -6.273400878999999719e+01 4.846500015000000161e+01
-1.732400512999999975e+01 -5.746600341999999983e+01 4.988600158999999934e+01
-1.762298583999999835e+01 -5.745098877000000215e+01 4.999900054999999810e+01
-1.697399902000000083e+01 -5.746899413999999950e+01 4.969599914999999868e+01
-1.670901488999999884e+01 -5.745001220999999703e+01 4.941099930000000029e+01
-1.966198729999999983e+01 -5.870401000999999752e+01 4.816900253000000021e+01
-1.447000122000000033e+01 -5.970901488999999884e+01 4.864699936000000235e+01
-1.479000854000000054e+01 -5.969400024000000116e+01 4.886899947999999938e+01
-1.477899170000000062e+01 -5.913900756999999686e+01 4.876399993999999793e+01
-1.450399780000000050e+01 -5.918301392000000050e+01 4.748199843999999814e+01
-1.433401489000000062e+01 -5.900698853000000099e+01 4.741600036999999901e+01
-1.900399780000000050e+01 -5.764199828999999653e+01 4.931499862999999806e+01
-1.902801514000000083e+01 -5.746398925999999818e+01 4.888400269000000264e+01
-1.871600341999999983e+01 -5.743798827999999901e+01 4.946400069999999971e+01
-1.854199218999999843e+01 -5.745401000999999752e+01 4.944400024000000116e+01
-1.871499633999999901e+01 -5.763800049000000314e+01 4.955400085000000132e+01
-1.906298827999999901e+01 -5.787701416000000165e+01 4.920100020999999657e+01
-1.866299438000000066e+01 -6.112899780000000050e+01 4.965999984999999839e+01
-1.819000244000000066e+01 -6.132800292999999670e+01 4.954100036999999901e+01
-1.864599609000000058e+01 -6.155200194999999752e+01 4.995000076000000178e+01
-1.864599609000000058e+01 -6.168798827999999901e+01 4.981399918000000326e+01
-1.803399658000000017e+01 -6.167999267999999802e+01 4.937199782999999798e+01
-1.867898560000000074e+01 -6.167700194999999752e+01 5.000300217000000202e+01
-1.882598876999999860e+01 -6.154400634999999653e+01 5.039599991000000045e+01
-1.772100830000000116e+01 -6.132598877000000215e+01 4.983300017999999909e+01
-1.773400879000000074e+01 -6.105099486999999669e+01 4.989400100999999665e+01
-1.808200073000000074e+01 -6.104699707000000330e+01 4.973999786000000256e+01
-1.774301146999999901e+01 -6.163500977000000347e+01 4.962999725000000240e+01
-1.744299316000000033e+01 -6.132800292999999670e+01 5.004299927000000281e+01
-1.745199584999999942e+01 -6.176800536999999736e+01 4.979899979000000343e+01
-1.512799071999999967e+01 -5.771499633999999901e+01 4.777199936000000235e+01
-1.475100708000000083e+01 -5.787500000000000000e+01 4.767600250000000273e+01
-1.512799071999999967e+01 -5.809399413999999950e+01 4.808799744000000231e+01
-1.481399535999999983e+01 -5.769198607999999950e+01 4.769799805000000248e+01
-1.545599364999999992e+01 -5.777600097999999917e+01 4.838500213999999744e+01
-1.513000487999999955e+01 -5.834600830000000116e+01 4.887199782999999798e+01
-1.544400023999999938e+01 -5.807699585000000297e+01 4.913400269000000264e+01
-1.481698607999999950e+01 -5.823999022999999653e+01 4.756399918000000326e+01
-1.511898803999999963e+01 -5.864898681999999752e+01 4.923500061000000017e+01
-1.578100586000000050e+01 -5.773800658999999769e+01 4.910799789000000004e+01
-1.544299316000000033e+01 -5.746099853999999851e+01 4.744200133999999736e+01
-1.605398560000000074e+01 -5.746200561999999934e+01 4.882999801999999789e+01
-1.578698729999999983e+01 -5.744500732000000198e+01 4.831499862999999806e+01
-1.771701050000000066e+01 -5.711700438999999818e+01 4.879600142999999690e+01
-1.780499268000000157e+01 -5.680999755999999934e+01 4.727500152999999727e+01
-1.901901245000000173e+01 -6.197299194000000000e+01 4.855500030999999694e+01
-1.933801270000000017e+01 -5.838299561000000182e+01 4.779299927000000281e+01
-1.964001465000000124e+01 -5.838101196000000215e+01 4.748899841000000066e+01
-1.841198729999999983e+01 -5.773901366999999851e+01 4.966900253000000021e+01
-1.966299438000000066e+01 -6.066799927000000281e+01 4.902099991000000045e+01
-1.969400024000000116e+01 -6.087701416000000165e+01 4.907399749999999727e+01
-1.804501343000000091e+01 -5.972100830000000116e+01 5.052899932999999777e+01
-1.842199706999999975e+01 -5.973599243000000314e+01 5.024300002999999748e+01
-1.805801392000000050e+01 -5.786199950999999686e+01 5.029899979000000343e+01
-1.839599609000000058e+01 -5.795901488999999884e+01 4.993199921000000074e+01
-1.803298949999999934e+01 -5.777801514000000083e+01 5.032799911000000037e+01
-1.746600341999999983e+01 -6.291101074000000182e+01 4.849799727999999988e+01
-1.713699340999999876e+01 -6.292700194999999752e+01 4.865200043000000107e+01
-1.772601317999999893e+01 -6.292300414999999703e+01 4.825799941999999731e+01
-1.812399291999999917e+01 -6.267199707000000330e+01 4.871500015000000161e+01
-1.796099853999999851e+01 -6.265399169999999884e+01 4.887299727999999988e+01
-1.810598754999999827e+01 -6.291101074000000182e+01 4.808300017999999909e+01
-1.692098998999999893e+01 -6.293701172000000099e+01 4.857199860000000058e+01
-1.513900757000000041e+01 -6.010400391000000297e+01 4.916400146000000149e+01
-1.514898681999999930e+01 -6.002801514000000083e+01 4.918400192000000004e+01
-1.478100586000000050e+01 -5.998599243000000314e+01 4.898600006000000207e+01
-1.738900757000000041e+01 -6.269601440000000281e+01 4.876000213999999744e+01
-1.744299316000000033e+01 -6.229699707000000330e+01 4.887800217000000202e+01
-1.734500122000000033e+01 -6.232699585000000297e+01 4.880100250000000273e+01
-1.703601073999999826e+01 -6.229098511000000116e+01 4.871899796000000293e+01
-1.802801514000000083e+01 -6.238699341000000231e+01 4.894899749999999727e+01
-1.772698975000000132e+01 -6.199301146999999901e+01 4.920899963000000099e+01
-1.760800170999999992e+01 -6.264700316999999785e+01 4.883099746999999979e+01
-1.609298705999999868e+01 -6.203601074000000182e+01 4.866600036999999901e+01
-1.557501221000000058e+01 -6.198400878999999719e+01 4.875900269000000264e+01
-1.572900390999999942e+01 -6.227301024999999868e+01 4.840999984999999839e+01
-1.639801024999999868e+01 -6.260400391000000297e+01 4.823399734000000194e+01
-1.584201050000000066e+01 -6.229598999000000248e+01 4.840900039999999649e+01
-1.514300536999999913e+01 -5.909100341999999983e+01 4.960400008999999955e+01
-1.480300903000000012e+01 -5.889300536999999736e+01 4.892000198000000211e+01
-1.512399291999999917e+01 -5.901199341000000231e+01 4.962500000000000000e+01
-1.537799071999999967e+01 -6.227600097999999917e+01 4.838899993999999793e+01
-1.607000731999999843e+01 -6.165399169999999884e+01 4.900900269000000264e+01
-1.513900757000000041e+01 -5.954098511000000116e+01 4.920199965999999847e+01
-1.480300903000000012e+01 -5.870599365000000347e+01 4.872299956999999893e+01
-1.446899413999999950e+01 -6.074200438999999818e+01 4.883599853999999851e+01
-1.447399902000000083e+01 -5.873400878999999719e+01 4.732199860000000058e+01
-1.470901489000000062e+01 -6.015200806000000000e+01 4.903499984999999839e+01
-1.513000487999999955e+01 -6.039099121000000281e+01 4.914599991000000045e+01
-1.456500244000000066e+01 -6.035101318000000248e+01 4.903499984999999839e+01
-1.527999877999999967e+01 -6.196200561999999934e+01 4.883599853999999851e+01
-1.551901244999999996e+01 -6.163500977000000347e+01 4.894400024000000116e+01
-1.901400757000000041e+01 -5.815600586000000050e+01 4.919400024000000116e+01
-1.902899169999999884e+01 -6.164001464999999769e+01 4.940399932999999777e+01
-1.937600708000000083e+01 -6.195001220999999703e+01 4.766600036999999901e+01
-1.944799804999999893e+01 -6.164700316999999785e+01 4.904500198000000211e+01
-1.874200439000000173e+01 -6.240499877999999967e+01 4.865000152999999727e+01
-1.872299194000000000e+01 -6.262799071999999967e+01 4.852700043000000107e+01
-1.885998534999999876e+01 -6.291198729999999983e+01 4.818799973000000136e+01
-1.901000976999999992e+01 -6.234100341999999983e+01 4.846699904999999831e+01
-1.967498778999999942e+01 -6.101501464999999769e+01 4.904400253000000021e+01
-1.965499877999999967e+01 -6.138299561000000182e+01 4.893600081999999674e+01
-1.965701294000000132e+01 -6.171600341999999983e+01 4.856399918000000326e+01
-1.996499633999999901e+01 -6.010800171000000347e+01 4.860699843999999814e+01
-1.995199584999999942e+01 -5.995199585000000297e+01 4.858799744000000231e+01
-1.932901001000000107e+01 -6.050900269000000264e+01 4.931100081999999674e+01
-1.937200928000000033e+01 -5.872000122000000033e+01 4.877700043000000107e+01
-1.968701172000000099e+01 -5.973001098999999670e+01 4.962500000000000000e+01
-1.966400146000000149e+01 -5.943200683999999967e+01 5.002300261999999975e+01
-1.963400268999999909e+01 -5.900399780000000050e+01 4.862700272000000012e+01
-1.946499633999999901e+01 -5.900900269000000264e+01 5.020299911000000037e+01
-1.907199097000000165e+01 -5.869100952000000149e+01 4.992000198000000211e+01
-1.867599487000000025e+01 -6.209298705999999868e+01 4.885199738000000025e+01
-1.838900757000000041e+01 -6.230099486999999669e+01 4.883699799000000041e+01
-1.804901123000000140e+01 -6.238699341000000231e+01 4.893000030999999694e+01
-1.844000244000000066e+01 -6.261999511999999868e+01 4.857600020999999657e+01
-1.865701294000000132e+01 -6.292300414999999703e+01 4.821599960000000351e+01
-1.998800659000000124e+01 -6.131698607999999950e+01 4.753400039999999649e+01
-1.997500610000000165e+01 -6.109399413999999950e+01 4.791600036999999901e+01
-2.035198975000000132e+01 -6.101800536999999736e+01 4.751600265999999806e+01
-2.009399413999999950e+01 -6.058300780999999802e+01 4.760899734000000194e+01
-2.075299071999999967e+01 -6.010699463000000264e+01 4.766500091999999711e+01
-1.997500610000000165e+01 -6.095999145999999769e+01 4.773299789000000004e+01
-1.995999146000000124e+01 -5.897799683000000215e+01 4.825499725000000240e+01
-1.963699340999999876e+01 -6.021798705999999868e+01 4.905599975999999884e+01
-2.001098633000000149e+01 -5.872399902000000083e+01 4.777400208000000248e+01
-2.091400146000000149e+01 -6.007199097000000165e+01 4.764800261999999975e+01
-2.060800170999999992e+01 -5.990399169999999884e+01 4.768799973000000136e+01
-2.027499389999999835e+01 -5.978601074000000182e+01 4.772999954000000145e+01
-2.027700806000000000e+01 -5.950601196000000215e+01 4.797800063999999765e+01
-2.029998778999999942e+01 -5.896499633999999901e+01 4.767399979000000343e+01
-2.028601073999999826e+01 -5.923199463000000264e+01 4.791699982000000091e+01
-1.447100829999999938e+01 -6.001199341000000231e+01 4.887700272000000012e+01
-1.931600952000000149e+01 -6.138101196000000215e+01 4.936100006000000207e+01
-1.931900024000000116e+01 -6.115399169999999884e+01 4.926600265999999806e+01
-1.932400512999999975e+01 -6.077700806000000000e+01 4.930300139999999942e+01
-1.899600219999999950e+01 -6.144000244000000066e+01 5.015000152999999727e+01
-1.908801270000000017e+01 -6.130801392000000050e+01 5.000900269000000264e+01
-1.905499268000000157e+01 -6.097698975000000132e+01 4.964599991000000045e+01
-1.673300170999999992e+01 -5.701599121000000281e+01 4.907899857000000310e+01
-1.626501465000000124e+01 -5.714999389999999835e+01 4.843199921000000074e+01
-1.675500488000000132e+01 -5.702600097999999917e+01 4.907399749999999727e+01
-1.804598998999999893e+01 -5.811199950999999686e+01 5.021500015000000161e+01
-1.841900635000000008e+01 -5.819601440000000281e+01 4.979899979000000343e+01
-1.707800293000000025e+01 -5.676998901000000330e+01 4.891699982000000091e+01
-1.691101073999999826e+01 -5.682699585000000297e+01 4.896899796000000293e+01
-1.693301392000000050e+01 -5.650299071999999967e+01 4.864599991000000045e+01
-2.033898926000000174e+01 -6.146899413999999950e+01 4.697299956999999893e+01
-1.775900268999999909e+01 -6.006298827999999901e+01 5.033300017999999909e+01
-1.753601073999999826e+01 -6.006900024000000116e+01 5.064500045999999855e+01
-1.946899413999999950e+01 -5.908898925999999818e+01 5.015100097999999917e+01
-1.901800537000000091e+01 -5.889498901000000330e+01 4.995199965999999847e+01
-1.935900879000000074e+01 -5.948098755000000182e+01 5.010300063999999765e+01
-1.931100464000000017e+01 -6.022000122000000033e+01 4.932099914999999868e+01
-1.938000488000000132e+01 -5.972198485999999917e+01 4.984899902000000083e+01
-1.900799560999999827e+01 -6.013101196000000215e+01 4.956200026999999864e+01
-1.900299071999999967e+01 -6.040301514000000083e+01 4.961700058000000269e+01
-1.716000366000000099e+01 -5.701901244999999818e+01 4.901700210999999996e+01
-1.904501343000000091e+01 -5.974398803999999785e+01 4.995399857000000310e+01
-1.816198729999999983e+01 -5.940701294000000132e+01 5.081599807999999996e+01
-1.789700317000000140e+01 -5.944400024000000116e+01 5.087999725000000240e+01
-1.779299926999999926e+01 -5.971499633999999901e+01 5.072999954000000145e+01
-1.760198975000000132e+01 -5.971200561999999934e+01 5.082399749999999727e+01
-1.721701050000000066e+01 -5.959600830000000116e+01 5.088400269000000264e+01
-1.746701050000000066e+01 -5.951300049000000314e+01 5.088999938999999983e+01
-1.737701416000000165e+01 -5.980801392000000050e+01 5.077799988000000297e+01
-1.740399169999999884e+01 -6.089099121000000281e+01 5.008799744000000231e+01
-1.710400390999999942e+01 -6.066000366000000099e+01 5.007600020999999657e+01
-1.752600097999999917e+01 -6.036099243000000314e+01 5.008599853999999851e+01
-1.707699584999999942e+01 -6.097698975000000132e+01 5.025600052000000062e+01
-1.733200073000000074e+01 -6.005200194999999752e+01 5.042200088999999963e+01
-1.902099609000000058e+01 -5.953399658000000017e+01 5.011000061000000017e+01
-1.868701172000000099e+01 -5.950000000000000000e+01 5.026900100999999665e+01
-1.852301024999999868e+01 -5.943499755999999934e+01 5.055900192000000004e+01
-1.867498778999999942e+01 -5.972000122000000033e+01 5.011599730999999736e+01
-1.839401245000000173e+01 -5.934298705999999868e+01 5.067300034000000153e+01
-1.873498534999999876e+01 -6.022900391000000297e+01 4.992800139999999942e+01
-1.858599853999999851e+01 -6.024398803999999785e+01 5.001600265999999806e+01
-1.879598998999999893e+01 -6.042001342999999736e+01 4.990399932999999777e+01
-1.888500976999999992e+01 -6.067700194999999752e+01 4.975300217000000202e+01
-1.854000853999999876e+01 -6.072399902000000083e+01 4.979400253000000021e+01
-1.844400024000000116e+01 -6.037399291999999917e+01 4.996799850000000021e+01
-1.784600830000000116e+01 -6.039199828999999653e+01 5.004000091999999711e+01
-1.810299682999999860e+01 -6.045498657000000264e+01 4.991699982000000091e+01
-1.778698729999999983e+01 -6.067999267999999802e+01 4.998500061000000017e+01
-1.815100097999999917e+01 -6.006600952000000149e+01 4.998699950999999686e+01
-1.906399535999999983e+01 -5.930999755999999934e+01 4.999799727999999988e+01
-1.867700195000000107e+01 -5.918701172000000099e+01 5.026900100999999665e+01
-1.867300415000000058e+01 -5.858599853999999851e+01 5.027500152999999727e+01
-1.852398682000000107e+01 -5.869799805000000248e+01 5.039699936000000235e+01
-1.842199706999999975e+01 -5.879098511000000116e+01 5.037100219999999950e+01
-1.867700195000000107e+01 -5.884799194000000000e+01 5.028499984999999839e+01
-1.832998656999999909e+01 -5.871301270000000017e+01 5.034999847000000273e+01
-1.746899413999999950e+01 -5.875900269000000264e+01 5.055500030999999694e+01
-1.802099609000000058e+01 -5.879501342999999736e+01 5.026399993999999793e+01
-1.827801514000000083e+01 -5.880999755999999934e+01 5.033499908000000289e+01
-1.868099975999999884e+01 -5.818301392000000050e+01 4.950900269000000264e+01
-1.771798705999999868e+01 -5.836499022999999653e+01 5.044200133999999736e+01
-1.871798705999999868e+01 -5.783599853999999851e+01 4.957299805000000248e+01
-1.774499511999999868e+01 -5.852099608999999703e+01 5.075300217000000202e+01
-1.772900390999999942e+01 -5.779998779000000297e+01 5.057699965999999847e+01
-1.750799560999999827e+01 -5.840899658000000017e+01 5.106399918000000326e+01
-1.760598754999999827e+01 -5.844699097000000165e+01 5.104500198000000211e+01
-1.778201294000000132e+01 -5.746499633999999901e+01 4.990500259000000227e+01
-1.739099120999999926e+01 -5.848800658999999769e+01 5.102700043000000107e+01
-1.755599975999999884e+01 -5.797100830000000116e+01 5.071899796000000293e+01
-1.738598633000000149e+01 -5.810998535000000231e+01 5.025499725000000240e+01
-1.733200073000000074e+01 -5.829199219000000198e+01 5.094599914999999868e+01
-1.705999755999999934e+01 -5.811700438999999818e+01 5.011399841000000066e+01
-1.698901366999999851e+01 -5.872299194000000000e+01 5.022800063999999765e+01
-1.622900390999999942e+01 -5.798098755000000182e+01 5.017700194999999752e+01
-1.644601439999999926e+01 -5.779699707000000330e+01 5.015999984999999839e+01
-1.665301514000000083e+01 -5.817498779000000297e+01 5.006299973000000136e+01
-1.624899291999999917e+01 -5.812200928000000033e+01 5.013400269000000264e+01
-1.657000731999999843e+01 -5.923699950999999686e+01 5.024500274999999760e+01
-1.671899413999999950e+01 -5.892300414999999703e+01 5.025900269000000264e+01
-1.675500488000000132e+01 -5.939199828999999653e+01 5.021500015000000161e+01
-1.685800170999999992e+01 -5.887399291999999917e+01 5.029800034000000153e+01
-1.630700683999999967e+01 -5.845999145999999769e+01 5.001600265999999806e+01
-1.666598511000000116e+01 -5.874499511999999868e+01 5.000799941999999731e+01
-1.738699340999999876e+01 -5.877301024999999868e+01 5.053499984999999839e+01
-1.675799560999999827e+01 -5.924899291999999917e+01 5.020399857000000310e+01
-1.531298828000000078e+01 -5.903399658000000017e+01 4.985199738000000025e+01
-1.576599120999999926e+01 -5.926901244999999818e+01 4.987999725000000240e+01
-1.608499146000000124e+01 -5.930801392000000050e+01 5.011700058000000269e+01
-1.575100708000000083e+01 -5.939999389999999835e+01 4.979999923999999822e+01
-1.636898804000000140e+01 -5.934201050000000066e+01 5.021500015000000161e+01
-1.633200073000000074e+01 -5.903100586000000050e+01 5.011899947999999938e+01
-1.739999389999999835e+01 -5.702499389999999835e+01 4.894200133999999736e+01
-1.689898682000000107e+01 -5.782501220999999703e+01 5.017800139999999942e+01
-1.546301270000000017e+01 -5.846398925999999818e+01 4.973199843999999814e+01
-1.578399658000000017e+01 -5.811499022999999653e+01 5.000900269000000264e+01
-1.578601074000000004e+01 -5.900100708000000083e+01 4.984899902000000083e+01
-1.605300902999999835e+01 -5.819000244000000066e+01 5.010699843999999814e+01
-1.604998778999999942e+01 -5.843499755999999934e+01 5.001199721999999781e+01
-1.610800170999999992e+01 -5.786401366999999851e+01 5.017200088999999963e+01
-1.577801514000000083e+01 -5.807101440000000281e+01 4.999600219999999950e+01
-1.609899902000000083e+01 -5.762100219999999950e+01 5.016699982000000091e+01
-1.546398925999999996e+01 -5.842898559999999719e+01 4.972900008999999955e+01
-1.546701050000000066e+01 -5.950601196000000215e+01 4.959299850000000021e+01
-1.526000976999999992e+01 -5.912500000000000000e+01 4.983099746999999979e+01
-1.533801270000000017e+01 -5.975500488000000132e+01 4.940900039999999649e+01
-1.575299071999999967e+01 -6.018499755999999934e+01 4.965500259000000227e+01
-1.542700194999999930e+01 -6.012500000000000000e+01 4.943199921000000074e+01
-1.577499390000000012e+01 -5.978201294000000132e+01 4.973800278000000219e+01
-1.450698852999999922e+01 -6.022500610000000165e+01 4.898099899000000335e+01
-1.488198852999999922e+01 -6.071499633999999901e+01 4.898299789000000004e+01
-1.578601074000000004e+01 -6.118099975999999884e+01 4.947999954000000145e+01
-1.578900145999999971e+01 -6.086599730999999736e+01 4.946199799000000041e+01
-1.546301270000000017e+01 -6.038198853000000099e+01 4.938699721999999781e+01
-1.573199463000000087e+01 -6.042001342999999736e+01 4.953200149999999979e+01
-1.641198729999999983e+01 -6.014099121000000281e+01 5.022900008999999955e+01
-1.636801146999999901e+01 -6.044699097000000165e+01 5.004600142999999690e+01
-1.651901245000000173e+01 -6.040701294000000132e+01 5.013699721999999781e+01
-1.607699584999999942e+01 -6.016101074000000182e+01 4.996999740999999773e+01
-1.610400390999999942e+01 -6.035998535000000231e+01 4.989100265999999806e+01
-1.572399902000000083e+01 -5.846099853999999851e+01 4.986800002999999748e+01
-1.688400268999999909e+01 -5.982400513000000331e+01 5.016300200999999959e+01
-1.675698853000000099e+01 -6.011199950999999686e+01 5.017000198000000211e+01
-1.644699097000000165e+01 -6.020199585000000297e+01 5.023999786000000256e+01
-1.644100952000000149e+01 -5.997000122000000033e+01 5.024200058000000269e+01
-1.607101439999999926e+01 -5.952499389999999835e+01 5.007099914999999868e+01
-1.640399169999999884e+01 -5.963400269000000264e+01 5.023899841000000066e+01
-1.640600586000000050e+01 -5.971701050000000066e+01 5.023800278000000219e+01
-1.609799194000000000e+01 -5.994601440000000281e+01 5.002199936000000235e+01
-1.701000976999999992e+01 -6.177600097999999917e+01 4.962899780000000050e+01
-1.735501099000000025e+01 -6.165600586000000050e+01 4.986000061000000017e+01
-1.699301146999999901e+01 -6.096798705999999868e+01 5.027099991000000045e+01
-1.684500122000000033e+01 -6.065798949999999934e+01 5.007299805000000248e+01
-1.669699097000000165e+01 -6.090399169999999884e+01 5.011700058000000269e+01
-1.703601073999999826e+01 -6.117401122999999785e+01 5.027300261999999975e+01
-1.673098754999999827e+01 -6.114001464999999769e+01 4.997599791999999752e+01
-1.641598511000000116e+01 -6.072100830000000116e+01 4.991600036999999901e+01
-1.608801270000000017e+01 -6.105499267999999802e+01 4.957399749999999727e+01
-1.626000976999999992e+01 -6.131201172000000099e+01 4.936599730999999736e+01
-1.642199706999999975e+01 -6.110198975000000132e+01 4.966099930000000029e+01
-1.601000976999999992e+01 -6.135198975000000132e+01 4.934199904999999831e+01
-1.701599120999999926e+01 -6.135699463000000264e+01 4.989500045999999855e+01
-1.722799682999999860e+01 -6.132598877000000215e+01 5.016799927000000281e+01
-1.705200195000000107e+01 -6.199301146999999901e+01 4.948099899000000335e+01
-1.730899047999999851e+01 -6.195300292999999670e+01 4.960699843999999814e+01
-1.741900635000000008e+01 -6.201901244999999818e+01 4.934499740999999773e+01
-1.721301270000000017e+01 -6.119900513000000331e+01 5.029199982000000091e+01
-1.803201294000000132e+01 -6.068099975999999884e+01 4.988899993999999793e+01
-1.741299438000000066e+01 -6.121499633999999901e+01 5.012000274999999760e+01
-1.889999389999999835e+01 -6.130999755999999934e+01 5.003900146000000149e+01
-1.840701294000000132e+01 -6.195599365000000347e+01 4.910599899000000335e+01
-1.817199706999999975e+01 -6.195901488999999884e+01 4.915700149999999979e+01
-1.417401122999999963e+01 -6.028201294000000132e+01 4.857999801999999789e+01
-1.414999390000000012e+01 -5.992401122999999785e+01 4.846299744000000231e+01
-1.503799438000000066e+01 -6.205999755999999934e+01 4.873500061000000017e+01
-1.600900268999999909e+01 -6.069699097000000165e+01 4.959000015000000161e+01
-1.670098876999999860e+01 -6.131100464000000017e+01 4.962899780000000050e+01
-1.661599731000000091e+01 -6.200601196000000215e+01 4.910499954000000145e+01
-1.632199097000000165e+01 -6.169500732000000198e+01 4.900900269000000264e+01
-1.673901366999999851e+01 -6.165798949999999934e+01 4.936599730999999736e+01
-1.410598755000000004e+01 -6.072000122000000033e+01 4.847399902000000083e+01
-1.701199340999999876e+01 -5.777999877999999967e+01 5.018500137000000194e+01
-1.644799804999999893e+01 -5.776699828999999653e+01 5.015900039999999649e+01
-1.418301392000000050e+01 -6.052899169999999884e+01 4.862999725000000240e+01
-1.386300658999999946e+01 -6.030099486999999669e+01 4.811899947999999938e+01
-1.441400145999999971e+01 -6.100500488000000132e+01 4.811800002999999748e+01
-1.383700561999999934e+01 -6.038400269000000264e+01 4.804899979000000343e+01
-1.449301147000000078e+01 -6.041299438000000066e+01 4.898099899000000335e+01
-1.833898926000000174e+01 -5.745800780999999802e+01 4.933099746999999979e+01
-1.614199829000000008e+01 -5.769500732000000198e+01 5.017399979000000343e+01
-1.671200561999999934e+01 -5.650100708000000083e+01 4.861599730999999736e+01
-1.637200928000000033e+01 -5.742599486999999669e+01 4.906999969000000306e+01
-1.606900024000000116e+01 -5.712899780000000050e+01 4.831499862999999806e+01
-1.778399658000000017e+01 -5.775000000000000000e+01 5.053900146000000149e+01
-1.770800781000000157e+01 -5.775601196000000215e+01 5.050200272000000012e+01
-1.567498778999999942e+01 -6.134799194000000000e+01 4.928599930000000029e+01
-1.674700928000000033e+01 -5.675201416000000165e+01 4.887400054999999810e+01
-1.729598998999999893e+01 -5.769601440000000281e+01 5.020100020999999657e+01
-1.756500244000000066e+01 -5.682998657000000264e+01 4.738100052000000062e+01
-1.607400512999999975e+01 -5.877099608999999703e+01 4.990700149999999979e+01
-1.651000976999999992e+01 -5.940600586000000050e+01 5.023899841000000066e+01
-2.045700073000000074e+01 -6.013800049000000314e+01 4.758300017999999909e+01
-1.815899658000000017e+01 -5.710699463000000264e+01 4.754600142999999690e+01
-1.836499023000000008e+01 -5.710299683000000215e+01 4.746500015000000161e+01
-1.805099487000000025e+01 -5.682199097000000165e+01 4.721999740999999773e+01
