7.801594848600000205e+02 1.034237426760000062e+03 3.772140121000000335e+01
7.799816284199999927e+02 1.033347900389999950e+03 3.800907897999999818e+01
7.801392822300000489e+02 1.034368774410000015e+03 3.782464217999999789e+01
7.799968872099999544e+02 1.033606933589999926e+03 3.791385268999999880e+01
7.836300659199999927e+02 1.034735839839999926e+03 4.000414276000000058e+01
7.831361084000000119e+02 1.035009399410000015e+03 3.996849060000000264e+01
7.816463012699999808e+02 1.035010253910000074e+03 3.994308089999999822e+01
7.824066772500000297e+02 1.034976318360000050e+03 4.004936218000000281e+01
7.820527954100000443e+02 1.034701171879999947e+03 4.031458281999999826e+01
7.802231445300000132e+02 1.035056396480000103e+03 3.805507659999999959e+01
7.801521606400000337e+02 1.034677734379999947e+03 3.834848784999999793e+01
7.849447631799999954e+02 1.034027099610000050e+03 3.906560898000000037e+01
7.805626831099999663e+02 1.033807617189999974e+03 3.939112473000000136e+01
7.802559204100000443e+02 1.033910522460000038e+03 3.819629288000000145e+01
7.804278564500000357e+02 1.034631835939999974e+03 3.832200622999999950e+01
7.850041503899999498e+02 1.033355712889999950e+03 3.799358749000000302e+01
7.845898437500000000e+02 1.033153564449999976e+03 3.931052399000000008e+01
7.830960693399999855e+02 1.034313598629999888e+03 4.018704604999999930e+01
7.834716796899999736e+02 1.031711669920000077e+03 3.957388306000000000e+01
7.830910644499999762e+02 1.033319458010000062e+03 4.054091643999999661e+01
7.844759521500000119e+02 1.033590087889999950e+03 3.962713622999999785e+01
7.835559692399999676e+02 1.032183593750000000e+03 3.982498549999999682e+01
7.842892456099999663e+02 1.032167968750000000e+03 3.884878159000000153e+01
7.843731079100000443e+02 1.034384887700000036e+03 3.926113129000000157e+01
7.842037353499999881e+02 1.034180175779999900e+03 3.948981856999999707e+01
7.849620971699999927e+02 1.034279418950000036e+03 3.910612488000000297e+01
7.838023681600000145e+02 1.034982421879999947e+03 3.881234741000000099e+01
7.805586547899999914e+02 1.032793579099999988e+03 3.782313156000000021e+01
7.841596069299999954e+02 1.034276855470000100e+03 3.978474425999999653e+01
7.840129394499999762e+02 1.033390502929999911e+03 4.018277739999999909e+01
7.805177002000000357e+02 1.032477050779999900e+03 3.837475203999999707e+01
7.844578247099999544e+02 1.033047729489999938e+03 3.980585479999999876e+01
7.839913940400000456e+02 1.034105834960000038e+03 3.994819641000000132e+01
7.808110351599999603e+02 1.034469360349999988e+03 3.963466643999999661e+01
7.845961914099999603e+02 1.032699707029999900e+03 3.888529204999999678e+01
7.806921997099999544e+02 1.033621948239999938e+03 3.943949509000000120e+01
7.808750000000000000e+02 1.033915893549999964e+03 3.950930404999999723e+01
7.808951415999999881e+02 1.032635253910000074e+03 3.869644928000000306e+01
7.813733520499999941e+02 1.033073242189999974e+03 3.974395369999999872e+01
7.831286621100000502e+02 1.033936767579999923e+03 4.023846436000000182e+01
7.808829345699999749e+02 1.032156738279999900e+03 3.799494170999999909e+01
7.828131103499999881e+02 1.033432617189999974e+03 4.048975753999999938e+01
7.803583984399999736e+02 1.033130737299999964e+03 3.785882568000000248e+01
7.816857910200000106e+02 1.033809082029999900e+03 4.049711608999999868e+01
7.836887206999999762e+02 1.033255004879999888e+03 4.016579055999999781e+01
7.821934814500000357e+02 1.032691894529999900e+03 4.015671539000000223e+01
7.823034668000000238e+02 1.033585327150000012e+03 4.040309143000000347e+01
7.823975219699999570e+02 1.033346557620000112e+03 4.063901900999999839e+01
7.824209594699999570e+02 1.034278076170000077e+03 4.034317398000000310e+01
7.818256225600000562e+02 1.034131469729999935e+03 4.060726547000000153e+01
7.824325561499999822e+02 1.034146240230000103e+03 4.031193161000000202e+01
7.827142334000000119e+02 1.034097778320000089e+03 4.022407150000000087e+01
7.820831298800000013e+02 1.033351928710000038e+03 4.020723343000000227e+01
7.817611084000000119e+02 1.031838134769999897e+03 3.857152176000000310e+01
7.807015991199999689e+02 1.033010742189999974e+03 3.833937454000000145e+01
7.813150024399999438e+02 1.032324218750000000e+03 3.945075989000000050e+01
7.831412963899999795e+02 1.033025878910000074e+03 4.062248993000000041e+01
7.821494140600000264e+02 1.031831054689999974e+03 3.923317718999999926e+01
7.820627441399999498e+02 1.034546386720000100e+03 4.035845565999999707e+01
7.811710815400000456e+02 1.031803466800000024e+03 3.831558608999999649e+01
7.811992187500000000e+02 1.032779541019999897e+03 3.964296341000000012e+01
7.812980346699999927e+02 1.034115722660000074e+03 4.008899307000000078e+01
7.830160522500000297e+02 1.033592163089999985e+03 4.040312194999999917e+01
7.816207885699999451e+02 1.032250366210000038e+03 3.952996445000000136e+01
7.823364257800000132e+02 1.031835693360000050e+03 3.923321533000000017e+01
7.808997192399999676e+02 1.031788452150000012e+03 3.744672393999999827e+01
7.809010009800000489e+02 1.034669067379999888e+03 3.943585586999999748e+01
7.826899414099999603e+02 1.033504394529999900e+03 4.046512604000000124e+01
7.830433960000000297e+02 1.032213623050000024e+03 4.005175780999999802e+01
7.811726074199999630e+02 1.033833007810000026e+03 3.988376998999999756e+01
7.827385253899999498e+02 1.032252685550000024e+03 3.998995589999999822e+01
7.808130493200000046e+02 1.033411499020000065e+03 3.879695510999999897e+01
7.826755981400000337e+02 1.033004272460000038e+03 4.039368438999999711e+01
7.813245239300000549e+02 1.034748046879999947e+03 3.985332869999999872e+01
7.813485107400000516e+02 1.031307006839999985e+03 3.790308762000000087e+01
7.813253784199999927e+02 1.032083251949999976e+03 3.843746567000000169e+01
7.811325073199999451e+02 1.034484375000000000e+03 3.977977371000000062e+01
7.814201049800000192e+02 1.034441406250000000e+03 3.996411513999999698e+01
7.816386718799999471e+02 1.031436523439999974e+03 3.801572800000000285e+01
7.814816284199999927e+02 1.033393432620000112e+03 4.028910065000000174e+01
7.814595336899999438e+02 1.032641479489999938e+03 3.974875259000000227e+01
7.844132080099999484e+02 1.032500976560000026e+03 3.941851425000000120e+01
7.841162719699999570e+02 1.032554565429999911e+03 3.993372725999999773e+01
7.816798706099999663e+02 1.034129028320000089e+03 4.061652373999999810e+01
7.834072265600000264e+02 1.033838378910000074e+03 4.035890960999999777e+01
7.820761108399999557e+02 1.032136962889999950e+03 3.976613997999999839e+01
7.819697265600000264e+02 1.031331176760000062e+03 3.820306396000000149e+01
7.821929931600000145e+02 1.031319213870000112e+03 3.804593658000000289e+01
7.828646850600000562e+02 1.031693969729999935e+03 3.954131698999999855e+01
7.827431640600000264e+02 1.031334960939999974e+03 3.826089478000000099e+01
7.821206664999999703e+02 1.032801391599999988e+03 4.017916106999999926e+01
7.832673950199999808e+02 1.031581298829999923e+03 3.934861755000000016e+01
7.837922363300000370e+02 1.031395507810000026e+03 3.816125488000000132e+01
7.823471069299999954e+02 1.032548339839999926e+03 4.027328491000000099e+01
7.842473754899999676e+02 1.033459472660000074e+03 3.983862305000000248e+01
7.838909301800000549e+02 1.033583374020000065e+03 4.017868804999999810e+01
7.834813232400000516e+02 1.032733032229999935e+03 4.003134155000000050e+01
7.844918823199999451e+02 1.034688964839999926e+03 3.896092224000000215e+01
7.826773071300000311e+02 1.032566528320000089e+03 4.030245589999999822e+01
7.826022338899999795e+02 1.034509399410000015e+03 4.029358673000000124e+01
7.847398071300000311e+02 1.033464721679999911e+03 3.955814362000000273e+01
7.828894043000000238e+02 1.034667846679999911e+03 4.020110320999999942e+01
7.838039550800000370e+02 1.031581665039999962e+03 3.916246796000000074e+01
7.838081054699999868e+02 1.032167236329999923e+03 3.960514068999999893e+01
7.830101318399999855e+02 1.032380126949999976e+03 4.027886580999999921e+01
7.835409545899999557e+02 1.032293457029999900e+03 3.997000503999999665e+01
7.837744140600000264e+02 1.031309570310000026e+03 3.797811126999999942e+01
7.847105712899999617e+02 1.031851806639999950e+03 3.866623306000000326e+01
7.816586914099999603e+02 1.033015380860000050e+03 4.000187301999999789e+01
7.820428466800000251e+02 1.032659179689999974e+03 4.003910065000000174e+01
7.846947021500000119e+02 1.032426635739999938e+03 3.885362244000000231e+01
7.842836914099999603e+02 1.031820556639999950e+03 3.865028763000000112e+01
7.822886352499999703e+02 1.031920654300000024e+03 3.882817840999999959e+01
7.849853515600000264e+02 1.034182495120000112e+03 3.908825302000000335e+01
7.850554809599999544e+02 1.033686035160000074e+03 3.830396271000000041e+01
7.841411743200000046e+02 1.035150512700000036e+03 3.845475769000000099e+01
7.815037231400000337e+02 1.035072998050000024e+03 3.972549819999999698e+01
7.842379760699999451e+02 1.035129516599999988e+03 3.842703247000000033e+01
7.802563476599999603e+02 1.035123413089999985e+03 3.824029541000000165e+01
7.804570922899999914e+02 1.035506958010000062e+03 3.804420852999999880e+01
7.809490966800000251e+02 1.035392211910000015e+03 3.889920807000000025e+01
7.812452392599999484e+02 1.035960327150000012e+03 3.888815308000000215e+01
7.811266479500000059e+02 1.035532470699999976e+03 3.889798737000000273e+01
7.814921264600000086e+02 1.035487182620000112e+03 3.920804214000000343e+01
7.815828247099999544e+02 1.035916137700000036e+03 3.892397308000000322e+01
7.834223632800000132e+02 1.035323730470000100e+03 3.870171356000000173e+01
7.833890991199999689e+02 1.035469116210000038e+03 3.810730362000000326e+01
7.822688598600000205e+02 1.035269409179999911e+03 3.994478225999999665e+01
7.828555908199999749e+02 1.035111694339999985e+03 4.013175963999999851e+01
7.819890747099999544e+02 1.035727905270000065e+03 3.930751037999999653e+01
7.824417724600000383e+02 1.035653442379999888e+03 3.925270843999999926e+01
7.810444946300000311e+02 1.035435913089999985e+03 3.911097336000000269e+01
7.820039672899999914e+02 1.035114013670000077e+03 4.014452362000000107e+01
7.822053222700000106e+02 1.035912963870000112e+03 3.920030975000000240e+01
7.821221313500000178e+02 1.035953491210000038e+03 3.915575026999999864e+01
7.826116332999999941e+02 1.035748046879999947e+03 3.915089417000000083e+01
7.827912597700000106e+02 1.036003417970000100e+03 3.885129546999999661e+01
7.831022949199999630e+02 1.035076538089999985e+03 3.979673386000000335e+01
7.827404785200000106e+02 1.036293090820000089e+03 3.835401534999999740e+01
7.831005859399999736e+02 1.035643554689999974e+03 3.900812530999999694e+01
7.814091796899999736e+02 1.036332153320000089e+03 3.851497269000000045e+01
7.818746337899999617e+02 1.036364746089999926e+03 3.851310730000000149e+01
7.800651245100000324e+02 1.035096923829999923e+03 3.753593063000000285e+01
