NLB 1.0 0
BAM 25.757048814403767 0.38359006970287396 0.11826091088847508 0.09158980022161486
RAM 127.35045930298894 0.3913068551036321 0.07672775430062179 0.09609422321853663
AB_D 0.23871508047101803 0.4870986133448135 0.08693946046295867 0.1017847818095369
AD_BF 1.6962563673067423 0.4885808976655635 0.12283820358050528 0.07871140968108883
AD_LF 0.9076683018591728 0.4914009132250683 0.10842340392341927 0.07821287590717729
AC 0.44925391836035566 0.489590993373949 0.10493205079362058 0.1070504097837099
AC_AF 1.0080352384881142 0.49350126063052047 0.08695676986866567 0.10835116583110656
AC_LF 0.9758827359105506 0.49635142271403687 0.1030185979396214 0.06624876513284293
LB_PF 0.15586918593421942 0.4778711036100228 0.10651939211729955 0.1183553077853656
BDM 40.0 0
t 15.440665489776316 0.4945765283474619 0.10857912086080992 0.120228694203102
LRR 1.9523804154275517 0.49772720958889466 0.11728566330774251 0.11910180687951366
shedding_factor 0.01 0
v_tropism_w 0.05 0
GBF 10.0 0
GBA 0.1 0
IL_LF 0.9243371768355529 0.4594055808437224 0.11282004359456828 0.09669650519795622
FP_Y 0.33047829439340276 0.44305420347539654 0.09023936570894799 0.07956508552127597
FP_AF 1.0 0
FP_A 15.0 0
MAX_L 4.259444661535591 0.4828789878428867 0.13108432962433764 0.08236004935522623
IL_AF 0.9784765583577659 0.4796259996680828 0.0872281961072921 0.12526804867788285
IBL 0.5 0
LRR_AF 0.9842396200284389 0.48863689357132806 0.08140175826223821 0.09578017363311099
light_sensitiveness 0.1 0
