-2.298800659000000124e+01 -6.228900146000000149e+01 4.828800200999999959e+01
-2.311199951000000041e+01 -6.197100830000000116e+01 4.879199982000000091e+01
-2.279299926999999926e+01 -5.905200194999999752e+01 4.932799911000000037e+01
-2.343701172000000099e+01 -5.903201294000000132e+01 4.988600158999999934e+01
-2.310299682999999860e+01 -5.891000366000000099e+01 4.954299927000000281e+01
-2.377600097999999917e+01 -5.889401244999999818e+01 5.012599945000000190e+01
-2.186801146999999901e+01 -5.996301270000000017e+01 4.793199921000000074e+01
-2.183700561999999934e+01 -5.951098633000000149e+01 4.788400269000000264e+01
-2.150601195999999860e+01 -5.996701050000000066e+01 4.772100067000000223e+01
-2.179901123000000140e+01 -6.033200072999999719e+01 4.796099853999999851e+01
-2.217999268000000157e+01 -6.016198729999999983e+01 4.955599975999999884e+01
-2.120199584999999942e+01 -6.001599121000000281e+01 4.761800002999999748e+01
-2.151599120999999926e+01 -6.032998657000000264e+01 4.784899902000000083e+01
-2.134799194000000000e+01 -5.967999267999999802e+01 4.756100081999999674e+01
-2.218301392000000050e+01 -5.978900146000000149e+01 4.955200194999999752e+01
-2.218099975999999884e+01 -5.970498657000000264e+01 4.932399749999999727e+01
-2.228601073999999826e+01 -5.970199585000000297e+01 4.960799789000000004e+01
-2.185598754999999827e+01 -5.909899902000000083e+01 4.804199982000000091e+01
-2.281100464000000017e+01 -5.742700194999999752e+01 4.868700026999999864e+01
-2.289401245000000173e+01 -5.747000122000000033e+01 4.876900100999999665e+01
-2.305899047999999851e+01 -5.677200316999999785e+01 4.828700255999999769e+01
-2.309201050000000066e+01 -5.709298705999999868e+01 4.852199936000000235e+01
-2.250299071999999967e+01 -5.741299438000000066e+01 4.855799866000000264e+01
-2.274499511999999868e+01 -5.708200072999999719e+01 4.835099791999999752e+01
-2.244198607999999950e+01 -6.133700561999999934e+01 4.880100250000000273e+01
-2.245800781000000157e+01 -6.099301146999999901e+01 4.927700043000000107e+01
-2.489700317000000140e+01 -6.195700072999999719e+01 4.837800217000000202e+01
-2.447601317999999893e+01 -6.195800780999999802e+01 4.843099975999999884e+01
-2.532501221000000058e+01 -6.171499633999999901e+01 4.935099791999999752e+01
-2.502899169999999884e+01 -6.164300536999999736e+01 4.929999923999999822e+01
-2.605999755999999934e+01 -6.104800414999999703e+01 4.717600250000000273e+01
-2.577200317000000140e+01 -6.160998535000000231e+01 4.774600219999999950e+01
-2.571899413999999950e+01 -6.101098633000000149e+01 4.894300078999999926e+01
-2.542999268000000157e+01 -6.145700072999999719e+01 4.934600067000000223e+01
-2.537899780000000050e+01 -5.744799805000000248e+01 4.798500061000000017e+01
-2.517599487000000025e+01 -5.773300171000000347e+01 4.852400208000000248e+01
-2.542098998999999893e+01 -6.163299561000000182e+01 4.901900100999999665e+01
-2.485900879000000074e+01 -5.768499755999999934e+01 4.860400008999999955e+01
-2.505801392000000050e+01 -5.739700316999999785e+01 4.777700043000000107e+01
-2.504299926999999926e+01 -5.704400634999999653e+01 4.752099991000000045e+01
-2.377801514000000083e+01 -5.704000854000000231e+01 4.834299850000000021e+01
-2.315100097999999917e+01 -5.707800292999999670e+01 4.851199721999999781e+01
-2.541598511000000116e+01 -6.196398925999999818e+01 4.802300261999999975e+01
-2.525601195999999860e+01 -6.195999145999999769e+01 4.854600142999999690e+01
-2.479000853999999876e+01 -5.938900756999999686e+01 4.935499954000000145e+01
-2.478100586000000050e+01 -5.968600464000000017e+01 4.940500259000000227e+01
-2.413198853000000099e+01 -5.880899047999999851e+01 4.992900085000000132e+01
-2.444299316000000033e+01 -5.877200316999999785e+01 4.978200149999999979e+01
-2.477899169999999884e+01 -5.860900878999999719e+01 4.945299911000000037e+01
-2.477999877999999967e+01 -5.890399169999999884e+01 4.942000198000000211e+01
-2.383200073000000074e+01 -6.195599365000000347e+01 4.869699860000000058e+01
-2.442001343000000091e+01 -6.135198975000000132e+01 4.969099807999999996e+01
-2.444000244000000066e+01 -6.131201172000000099e+01 4.983399963000000099e+01
-2.401699829000000008e+01 -6.131900024000000116e+01 4.941699982000000091e+01
-2.437200928000000033e+01 -6.116598511000000116e+01 5.003200149999999979e+01
-2.446600341999999983e+01 -6.110101318000000248e+01 5.000900269000000264e+01
-2.571398926000000174e+01 -6.086099243000000314e+01 4.917700194999999752e+01
-2.605599975999999884e+01 -6.067098999000000248e+01 4.792800139999999942e+01
-2.556799316000000033e+01 -6.101998901000000330e+01 4.918899918000000326e+01
-2.556900024000000116e+01 -6.081600952000000149e+01 4.922599791999999752e+01
-2.572000122000000033e+01 -6.201501464999999769e+01 4.793600081999999674e+01
-2.572698975000000132e+01 -6.185000610000000165e+01 4.791600036999999901e+01
-2.366299438000000066e+01 -5.875000000000000000e+01 4.984600067000000223e+01
-2.346099853999999851e+01 -5.871600341999999983e+01 4.957500076000000178e+01
-2.249798583999999835e+01 -6.203100586000000050e+01 4.800000000000000000e+01
-2.182299804999999893e+01 -6.071398925999999818e+01 4.784600067000000223e+01
-2.217199706999999975e+01 -6.076901244999999818e+01 4.941699982000000091e+01
-2.216198729999999983e+01 -6.045199585000000297e+01 4.947999954000000145e+01
-2.181201172000000099e+01 -6.040899658000000017e+01 4.795899963000000099e+01
-2.246398926000000174e+01 -6.169799805000000248e+01 4.855100250000000273e+01
-2.218701172000000099e+01 -6.181399535999999983e+01 4.768400192000000004e+01
-2.183999633999999901e+01 -6.102899169999999884e+01 4.773800278000000219e+01
-2.215200806000000000e+01 -6.105599975999999884e+01 4.798699950999999686e+01
-2.217599487000000025e+01 -6.141900634999999653e+01 4.756399918000000326e+01
-2.210101317999999893e+01 -6.199499511999999868e+01 4.760699843999999814e+01
-2.282299804999999893e+01 -6.172799683000000215e+01 4.874099730999999736e+01
-2.592898560000000074e+01 -6.003799438000000066e+01 4.887800217000000202e+01
-2.603298949999999934e+01 -6.008801270000000017e+01 4.885400008999999955e+01
-2.608300781000000157e+01 -5.981201172000000099e+01 4.874500274999999760e+01
-2.572900390999999942e+01 -5.971499633999999901e+01 4.891200255999999769e+01
-2.575399780000000050e+01 -6.063598633000000149e+01 4.895399857000000310e+01
-2.546600341999999983e+01 -6.033700561999999934e+01 4.889400100999999665e+01
-2.509298705999999868e+01 -6.021200561999999934e+01 4.911199950999999686e+01
-2.545199584999999942e+01 -6.062701416000000165e+01 4.914500045999999855e+01
-2.507501221000000058e+01 -5.973800658999999769e+01 4.928200149999999979e+01
-2.542401123000000140e+01 -5.971701050000000066e+01 4.887400054999999810e+01
-2.548800659000000124e+01 -5.949301146999999901e+01 4.892600250000000273e+01
-2.573800659000000124e+01 -5.966198729999999983e+01 4.891400146000000149e+01
-2.243099975999999884e+01 -6.068399047999999851e+01 4.945999908000000289e+01
-2.604299926999999926e+01 -5.965100097999999917e+01 4.871999740999999773e+01
-2.574700928000000033e+01 -5.934500122000000033e+01 4.883099746999999979e+01
-2.152600097999999917e+01 -6.039099121000000281e+01 4.786800002999999748e+01
-2.327700806000000000e+01 -6.229598999000000248e+01 4.819200133999999736e+01
-2.218899535999999983e+01 -5.926199341000000231e+01 4.828100203999999707e+01
-2.511898804000000140e+01 -6.052700806000000000e+01 4.918500137000000194e+01
-2.246899413999999950e+01 -5.929501342999999736e+01 4.927799988000000297e+01
-2.248599242999999959e+01 -5.902700806000000000e+01 4.904800034000000153e+01
-2.208999633999999901e+01 -5.881500244000000066e+01 4.833099746999999979e+01
-2.545001221000000058e+01 -5.736599730999999736e+01 4.798199843999999814e+01
-2.572399902000000083e+01 -5.771200561999999934e+01 4.804199982000000091e+01
-2.600100708000000083e+01 -5.742700194999999752e+01 4.797200011999999703e+01
-2.544299316000000033e+01 -5.777398681999999752e+01 4.816500091999999711e+01
-2.542401123000000140e+01 -5.713598633000000149e+01 4.770800017999999909e+01
-2.572299194000000000e+01 -5.781600952000000149e+01 4.805300139999999942e+01
-2.584698485999999917e+01 -5.831600952000000149e+01 4.884299850000000021e+01
-2.210998534999999876e+01 -5.854299927000000281e+01 4.840200043000000107e+01
-2.217098998999999893e+01 -5.821200561999999934e+01 4.859299850000000021e+01
-2.235800170999999992e+01 -5.849700928000000033e+01 4.869099807999999996e+01
-2.544400024000000116e+01 -5.826400756999999686e+01 4.926800156000000186e+01
-2.186999511999999868e+01 -5.811599730999999736e+01 4.832399749999999727e+01
-2.213299560999999827e+01 -5.798999022999999653e+01 4.860599899000000335e+01
-2.179501343000000091e+01 -5.850100708000000083e+01 4.819300078999999926e+01
-2.173999023000000008e+01 -5.810998535000000231e+01 4.828499984999999839e+01
-2.182800293000000025e+01 -5.881600952000000149e+01 4.815200043000000107e+01
-2.610000610000000165e+01 -6.043899535999999983e+01 4.864699936000000235e+01
-2.608099364999999992e+01 -5.829699707000000330e+01 4.870000076000000178e+01
-2.276098633000000149e+01 -5.864300536999999736e+01 4.842700194999999752e+01
-2.290499877999999967e+01 -5.823498535000000231e+01 4.874300002999999748e+01
-2.295800781000000157e+01 -5.843600464000000017e+01 4.858699799000000041e+01
-2.472100830000000116e+01 -6.163900756999999686e+01 4.925699997000000252e+01
-2.415899658000000017e+01 -6.195599365000000347e+01 4.851000213999999744e+01
-2.280801392000000050e+01 -6.132400513000000331e+01 4.890500259000000227e+01
-2.314099120999999926e+01 -6.165899658000000017e+01 4.906700133999999736e+01
-2.281399535999999983e+01 -6.196600341999999983e+01 4.830599975999999884e+01
-2.344900512999999975e+01 -6.204699707000000330e+01 4.916400146000000149e+01
-2.350299071999999967e+01 -6.203298949999999934e+01 4.909999847000000273e+01
-2.595599364999999992e+01 -5.904501342999999736e+01 4.860499954000000145e+01
-2.541500853999999876e+01 -5.879901122999999785e+01 4.918199921000000074e+01
-2.557299804999999893e+01 -5.938198853000000099e+01 4.889200210999999996e+01
-2.540399169999999884e+01 -5.855700683999999967e+01 4.949600219999999950e+01
-2.509698485999999917e+01 -5.907400513000000331e+01 4.920199965999999847e+01
-2.381698607999999950e+01 -6.231201172000000099e+01 4.811800002999999748e+01
-2.402999877999999967e+01 -6.170199585000000297e+01 4.904800034000000153e+01
-2.459698485999999917e+01 -6.239700316999999785e+01 4.766200255999999769e+01
-2.355801392000000050e+01 -6.228100586000000050e+01 4.817700194999999752e+01
-2.453399658000000017e+01 -6.259799194000000000e+01 4.726199721999999781e+01
-2.490701294000000132e+01 -6.231399535999999983e+01 4.746699904999999831e+01
-2.508099364999999992e+01 -6.227600097999999917e+01 4.726100158999999934e+01
-2.490701294000000132e+01 -6.264099121000000281e+01 4.712400054999999810e+01
-2.508999633999999901e+01 -6.264300536999999736e+01 4.697599791999999752e+01
-2.595599364999999992e+01 -5.846301270000000017e+01 4.879600142999999690e+01
-2.282199097000000165e+01 -6.229800414999999703e+01 4.793099975999999884e+01
-2.442199706999999975e+01 -6.227398681999999752e+01 4.758900069999999971e+01
-2.432501221000000058e+01 -6.264599608999999703e+01 4.717499923999999822e+01
-2.410101317999999893e+01 -6.260699463000000264e+01 4.712299727999999988e+01
-2.546099853999999851e+01 -5.809899902000000083e+01 4.906900024000000116e+01
-2.610598754999999827e+01 -5.903399658000000017e+01 4.867300034000000153e+01
-2.609399413999999950e+01 -5.913299561000000182e+01 4.868299866000000264e+01
-2.526800537000000091e+01 -5.842599486999999669e+01 4.952799988000000297e+01
-2.411300659000000124e+01 -6.167401122999999785e+01 4.906299973000000136e+01
-2.322198485999999917e+01 -6.157998657000000264e+01 4.906299973000000136e+01
-2.286801146999999901e+01 -6.099200438999999818e+01 4.926100158999999934e+01
-2.376901245000000173e+01 -6.132199097000000165e+01 4.920399857000000310e+01
-2.369198607999999950e+01 -6.102899169999999884e+01 4.954700088999999963e+01
-2.346899413999999950e+01 -6.101800536999999736e+01 4.938600158999999934e+01
-2.357299804999999893e+01 -6.191400146000000149e+01 4.903700255999999769e+01
-2.327999877999999967e+01 -6.190301514000000083e+01 4.913800049000000314e+01
-2.519699097000000165e+01 -5.714700316999999785e+01 4.775600052000000062e+01
-2.266299438000000066e+01 -6.099499511999999868e+01 4.923500061000000017e+01
-2.313500976999999992e+01 -6.156900024000000116e+01 4.908200072999999719e+01
-2.325000000000000000e+01 -6.073300171000000347e+01 4.953000259000000227e+01
-2.305398560000000074e+01 -6.073800658999999769e+01 4.949500274999999760e+01
-2.275299071999999967e+01 -6.068899535999999983e+01 4.945299911000000037e+01
-2.507800293000000025e+01 -5.809100341999999983e+01 4.920899963000000099e+01
-2.407699584999999942e+01 -6.114498901000000330e+01 4.980799866000000264e+01
-2.377801514000000083e+01 -6.085101318000000248e+01 4.965999984999999839e+01
-2.364898682000000107e+01 -6.036401366999999851e+01 4.969400024000000116e+01
-2.396099853999999851e+01 -6.089700316999999785e+01 4.975900269000000264e+01
-2.436199951000000041e+01 -6.092098999000000248e+01 4.998399734000000194e+01
-2.445599364999999992e+01 -6.098001098999999670e+01 4.998800278000000219e+01
-2.382901001000000107e+01 -6.003698729999999983e+01 4.990600203999999707e+01
-2.380200195000000107e+01 -5.986801146999999901e+01 5.006200026999999864e+01
-2.382699584999999942e+01 -5.968200683999999967e+01 5.000200272000000012e+01
-2.363598633000000149e+01 -5.970498657000000264e+01 5.008699799000000041e+01
-2.380300902999999835e+01 -5.923300171000000347e+01 5.004500198000000211e+01
-2.416400146000000149e+01 -5.952398681999999752e+01 4.983599853999999851e+01
-2.381201172000000099e+01 -5.889999389999999835e+01 5.011000061000000017e+01
-2.372500610000000165e+01 -5.908499145999999769e+01 5.011599730999999736e+01
-2.345199584999999942e+01 -5.962100219999999950e+01 5.000499725000000240e+01
-2.369699097000000165e+01 -5.993499755999999934e+01 5.011499786000000256e+01
-2.344100952000000149e+01 -5.936199950999999686e+01 4.997599791999999752e+01
-2.421099853999999851e+01 -6.065600586000000050e+01 4.974500274999999760e+01
-2.310800170999999992e+01 -5.923999022999999653e+01 4.968199921000000074e+01
-2.311499023000000008e+01 -5.944900513000000331e+01 4.974799727999999988e+01
-2.444799804999999893e+01 -5.962200928000000033e+01 4.963699721999999781e+01
-2.415499877999999967e+01 -5.972100830000000116e+01 4.981299973000000136e+01
-2.453900146000000149e+01 -5.978399658000000017e+01 4.949600219999999950e+01
-2.451000976999999992e+01 -6.066799927000000281e+01 4.977099991000000045e+01
-2.329199218999999843e+01 -6.036199950999999686e+01 4.966799927000000281e+01
-2.311599731000000091e+01 -6.038598633000000149e+01 4.963699721999999781e+01
-2.396398926000000174e+01 -6.064199828999999653e+01 4.963899993999999793e+01
-2.367401123000000140e+01 -6.004501342999999736e+01 5.006800078999999926e+01
-2.517401123000000140e+01 -5.958898925999999818e+01 4.930400085000000132e+01
-2.404699706999999975e+01 -5.839599608999999703e+01 4.965000152999999727e+01
-2.375799560999999827e+01 -5.842898559999999719e+01 4.925000000000000000e+01
-2.443701172000000099e+01 -5.862500000000000000e+01 4.985499954000000145e+01
-2.530700683999999967e+01 -5.859600830000000116e+01 4.954700088999999963e+01
-2.522399902000000083e+01 -5.875399780000000050e+01 4.943400192000000004e+01
-2.345599364999999992e+01 -5.813800049000000314e+01 4.872299956999999893e+01
-2.378201294000000132e+01 -5.789599608999999703e+01 4.928499984999999839e+01
-2.319000244000000066e+01 -5.783999633999999901e+01 4.879500198000000211e+01
-2.447601317999999893e+01 -5.810101318000000248e+01 4.940500259000000227e+01
-2.475399780000000050e+01 -5.835598755000000182e+01 4.949200058000000269e+01
-2.443899535999999983e+01 -5.841900634999999653e+01 4.964400100999999665e+01
-2.484899902000000083e+01 -5.977499389999999835e+01 4.934399796000000293e+01
-2.429800415000000058e+01 -5.810699463000000264e+01 4.943500137000000194e+01
-2.433999633999999901e+01 -5.842800902999999835e+01 4.971500015000000161e+01
-2.394799804999999893e+01 -5.873098755000000182e+01 4.994599914999999868e+01
-2.429699706999999975e+01 -5.870999145999999769e+01 4.990299988000000297e+01
-2.419198607999999950e+01 -5.909298705999999868e+01 4.972499847000000273e+01
-2.443701172000000099e+01 -5.913699341000000231e+01 4.956299973000000136e+01
-2.346398926000000174e+01 -5.995999145999999769e+01 5.004700088999999963e+01
-2.313500976999999992e+01 -6.000799561000000182e+01 4.982999801999999789e+01
-2.389199829000000008e+01 -5.779998779000000297e+01 4.937700272000000012e+01
-2.382299804999999893e+01 -5.753399658000000017e+01 4.944699860000000058e+01
-2.409500122000000033e+01 -5.747000122000000033e+01 4.914900208000000248e+01
-2.478298949999999934e+01 -6.101599121000000281e+01 4.940100097999999917e+01
-2.481698607999999950e+01 -6.137600708000000083e+01 4.934299850000000021e+01
-2.536401366999999851e+01 -6.154901122999999785e+01 4.938299941999999731e+01
-2.475399780000000050e+01 -6.066000366000000099e+01 4.946699904999999831e+01
-2.476000976999999992e+01 -6.071701050000000066e+01 4.948600006000000207e+01
-2.247601317999999893e+01 -6.000601196000000215e+01 4.969400024000000116e+01
-2.255300902999999835e+01 -5.969900513000000331e+01 4.958900069999999971e+01
-2.272601317999999893e+01 -6.000201416000000165e+01 4.970999908000000289e+01
-2.277700806000000000e+01 -5.924301146999999901e+01 4.939100265999999806e+01
-2.267999268000000157e+01 -6.038598633000000149e+01 4.970499801999999789e+01
-2.330700683999999967e+01 -6.006500244000000066e+01 4.994899749999999727e+01
-2.314999389999999835e+01 -6.012200928000000033e+01 4.984799956999999893e+01
-2.244799804999999893e+01 -6.003298949999999934e+01 4.969899749999999727e+01
-2.270401001000000107e+01 -6.015100097999999917e+01 4.974699782999999798e+01
-2.248699951000000041e+01 -5.763198853000000099e+01 4.872499847000000273e+01
-2.206799316000000033e+01 -5.774200438999999818e+01 4.847499847000000273e+01
-2.452398682000000107e+01 -5.745700072999999719e+01 4.911499786000000256e+01
-2.444699097000000165e+01 -5.777099608999999703e+01 4.930400085000000132e+01
-2.320098876999999860e+01 -5.740301514000000083e+01 4.867300034000000153e+01
-2.460198975000000132e+01 -5.712298583999999835e+01 4.715000152999999727e+01
-2.217898560000000074e+01 -5.743899535999999983e+01 4.832099914999999868e+01
-2.477301024999999868e+01 -6.030499267999999802e+01 4.943000030999999694e+01
-2.276901245000000173e+01 -5.778601074000000182e+01 4.884700011999999703e+01
-2.244100952000000149e+01 -5.808999633999999901e+01 4.888600158999999934e+01
-2.269198607999999950e+01 -5.780200194999999752e+01 4.885699843999999814e+01
-2.292599487000000025e+01 -5.778399658000000017e+01 4.882699965999999847e+01
-2.420001221000000058e+01 -5.745001220999999703e+01 4.905599975999999884e+01
-2.694699097000000165e+01 -5.903100586000000050e+01 4.845399857000000310e+01
-2.636401366999999851e+01 -5.907000732000000198e+01 4.864500045999999855e+01
-2.635800170999999992e+01 -5.933999633999999901e+01 4.865800095000000169e+01
-2.376699829000000008e+01 -5.740798949999999934e+01 4.868899918000000326e+01
-2.408499146000000124e+01 -5.712600708000000083e+01 4.848199843999999814e+01
-2.645901488999999884e+01 -5.738000488000000132e+01 4.800200272000000012e+01
-2.642898560000000074e+01 -5.854501342999999736e+01 4.841200255999999769e+01
-2.603799438000000066e+01 -5.847299194000000000e+01 4.874600219999999950e+01
-2.642300415000000058e+01 -5.832901000999999752e+01 4.792200088999999963e+01
-2.671701050000000066e+01 -5.842401122999999785e+01 4.786899947999999938e+01
-2.620599364999999992e+01 -5.753799438000000066e+01 4.809000015000000161e+01
-2.615200806000000000e+01 -5.780398559999999719e+01 4.802400208000000248e+01
-2.637500000000000000e+01 -5.786300658999999769e+01 4.798899841000000066e+01
-2.640600586000000050e+01 -5.749301146999999901e+01 4.806299973000000136e+01
-2.672399902000000083e+01 -5.870498657000000264e+01 4.798399734000000194e+01
-2.628799438000000066e+01 -5.740100097999999917e+01 4.811300278000000219e+01
-2.704199218999999843e+01 -5.835299683000000215e+01 4.777300261999999975e+01
-2.699700928000000033e+01 -5.849301146999999901e+01 4.779899979000000343e+01
-2.726699829000000008e+01 -5.808401488999999884e+01 4.767800139999999942e+01
-2.674301146999999901e+01 -5.810900878999999719e+01 4.764100265999999806e+01
-2.758401488999999884e+01 -5.810998535000000231e+01 4.780200194999999752e+01
-2.531100464000000017e+01 -6.105599975999999884e+01 4.919400024000000116e+01
-2.538900757000000041e+01 -6.092199707000000330e+01 4.921299744000000231e+01
-2.502999877999999967e+01 -5.808200072999999719e+01 4.920100020999999657e+01
-2.240798949999999934e+01 -6.045001220999999703e+01 4.953800200999999959e+01
-2.575399780000000050e+01 -5.714700316999999785e+01 4.762299727999999988e+01
-2.285598754999999827e+01 -5.798400878999999719e+01 4.882899857000000310e+01
-2.320599364999999992e+01 -5.777099608999999703e+01 4.879299927000000281e+01
-2.412701416000000165e+01 -5.755499267999999802e+01 4.931800078999999926e+01
-2.421099853999999851e+01 -6.033801270000000017e+01 4.958300017999999909e+01
-2.445700073000000074e+01 -6.025299071999999967e+01 4.949300002999999748e+01
-2.122900390999999942e+01 -6.072299194000000000e+01 4.760599899000000335e+01
-2.121798705999999868e+01 -6.062100219999999950e+01 4.764900208000000248e+01
-2.132000731999999843e+01 -6.069699097000000165e+01 4.764699936000000235e+01
-2.376098633000000149e+01 -5.766500854000000231e+01 4.933799744000000231e+01
-2.243499755999999934e+01 -5.815798949999999934e+01 4.883799744000000231e+01
-2.709298705999999868e+01 -5.778100586000000050e+01 4.743799973000000136e+01
-2.266000366000000099e+01 -5.811898803999999785e+01 4.882999801999999789e+01
-2.670700073000000074e+01 -5.763598633000000149e+01 4.752099991000000045e+01
-2.415499877999999967e+01 -5.713699341000000231e+01 4.845499801999999789e+01
-2.317401123000000140e+01 -5.679699707000000330e+01 4.834099960000000351e+01
